232 218 252 226 274 235 279 237 284 239 290 241 295 244 301 246 307 247 312 249 322 251 342 253 350 253 354 253 360 252 368 253 375 255 381 258 385 260 390 262 
229 219 242 222 254 225 265 228 271 231 277 233 282 235 289 237 297 238 304 238 315 239 330 238 339 237 345 235 351 233 355 232 362 231 370 231 380 231 390 232 
228 220 234 221 240 222 247 223 252 225 257 225 261 226 266 225 271 225 278 223 286 220 297 216 302 214 306 212 309 211 313 210 317 209 321 209 326 208 331 209 
230 219 235 220 241 221 251 223 261 225 270 226 280 227 289 227 298 227 307 226 315 225 322 224 330 223 337 222 346 221 356 220 366 220 375 220 382 221 389 221 
229 219 238 221 247 223 252 225 256 226 260 227 267 227 273 227 279 226 287 224 294 222 300 221 310 218 315 216 319 214 323 213 328 213 334 212 341 212 350 212 
229 219 232 220 236 221 242 224 247 226 252 228 258 230 265 231 278 231 294 230 307 230 317 229 323 228 328 227 333 226 337 226 342 226 349 226 357 227 368 229 
230 219 234 220 240 222 250 225 258 228 267 229 278 229 288 228 299 227 311 224 321 221 327 219 338 216 346 214 354 213 363 211 373 210 381 210 390 210 398 211 
228 220 234 221 240 222 248 223 255 225 261 227 270 229 282 229 297 229 313 228 326 227 335 226 341 225 347 224 353 223 359 222 367 222 377 222 391 223 404 225 
229 219 234 220 239 223 243 225 247 227 252 230 257 231 265 231 276 231 290 229 299 229 305 229 311 227 317 227 322 226 328 226 333 226 340 227 350 231 360 234 
228 220 230 220 233 220 242 223 246 226 250 228 257 229 265 227 274 225 283 222 289 219 292 217 301 212 306 207 309 205 314 203 321 202 328 201 335 201 342 202 
229 219 234 220 238 221 240 222 246 223 254 225 264 226 275 227 285 227 297 227 307 226 310 226 314 226 319 225 326 224 337 224 348 224 359 225 368 227 378 228 
228 220 228 220 230 220 237 222 243 223 248 225 254 226 260 228 268 229 276 230 286 232 295 232 300 232 304 232 308 232 312 232 317 233 322 233 329 235 335 236 
228 220 235 221 242 223 252 226 261 228 270 229 279 230 290 230 303 229 317 228 333 226 348 223 357 221 363 220 370 219 377 219 384 220 391 220 399 221 408 222 
229 219 234 220 239 221 243 222 246 223 250 223 254 224 258 224 262 224 268 223 274 223 280 223 282 222 282 222 284 222 287 222 290 222 293 222 297 223 301 223 
229 219 236 221 242 222 249 224 255 226 260 228 267 229 274 232 281 234 290 237 297 239 303 241 308 242 313 244 318 246 323 248 328 251 334 254 339 257 343 260 
229 219 238 222 245 224 252 226 258 228 264 230 270 232 276 234 283 236 289 238 294 240 296 241 303 243 309 246 314 249 319 252 324 256 328 261 331 265 335 271 
229 219 238 221 246 223 254 225 261 226 267 227 273 227 279 227 286 226 293 225 301 224 309 222 316 220 323 218 328 217 334 216 340 216 346 215 352 215 358 215 
230 219 239 220 247 222 257 223 267 225 278 226 289 227 300 228 312 228 325 229 338 230 349 230 359 231 368 231 378 232 387 233 396 234 406 236 415 237 425 238 
230 219 235 220 241 221 251 223 261 225 270 226 280 227 289 227 298 227 307 226 315 225 322 224 330 223 337 222 346 221 356 220 366 220 375 220 382 221 389 221 
229 219 234 220 239 221 243 222 246 223 250 223 254 224 258 224 262 224 268 223 274 223 280 223 282 222 282 222 284 222 287 222 290 222 293 222 297 223 301 223 
228 220 234 221 240 222 247 223 252 225 257 225 261 226 266 225 271 225 278 223 286 220 297 216 302 214 306 212 309 211 313 210 317 209 321 209 326 208 331 209 
228 220 235 221 242 223 252 226 261 228 270 229 279 230 290 230 303 229 317 228 333 226 348 223 357 221 363 220 370 219 377 219 384 220 391 220 399 221 408 222 
228 220 234 221 240 222 248 223 255 225 261 227 270 229 282 229 297 229 313 228 326 227 335 226 341 225 347 224 353 223 359 222 367 222 377 222 391 223 404 225 
229 219 232 220 236 221 242 224 247 226 252 228 258 230 265 231 278 231 294 230 307 230 317 229 323 228 328 227 333 226 337 226 342 226 349 226 357 227 368 229 
229 219 234 220 239 223 243 225 247 227 252 230 257 231 265 231 276 231 290 229 299 229 305 229 311 227 317 227 322 226 328 226 333 226 340 227 350 231 360 234 
228 220 228 220 230 220 237 222 243 223 248 225 254 226 260 228 268 229 276 230 286 232 295 232 300 232 304 232 308 232 312 232 317 233 322 233 329 235 335 236 
229 219 238 221 247 223 252 225 256 226 260 227 267 227 273 227 279 226 287 224 294 222 300 221 310 218 315 216 319 214 323 213 328 213 334 212 341 212 350 212 
228 220 230 220 233 220 242 223 246 226 250 228 257 229 265 227 274 225 283 222 289 219 292 217 301 212 306 207 309 205 314 203 321 202 328 201 335 201 342 202 
230 219 234 220 240 222 250 225 258 228 267 229 278 229 288 228 299 227 311 224 321 221 327 219 338 216 346 214 354 213 363 211 373 210 381 210 390 210 398 211 
229 220 237 221 244 223 250 224 257 225 265 226 274 227 281 227 287 227 292 226 300 226 311 226 326 227 339 228 350 228 363 228 377 229 392 230 406 232 416 233 
229 219 240 221 250 222 263 224 271 225 277 226 284 226 291 226 297 226 304 226 316 225 343 223 356 223 365 223 372 222 378 222 384 222 389 223 392 223 395 223 
229 219 241 222 250 224 256 225 261 225 265 225 269 225 275 224 283 223 290 221 300 218 312 214 315 212 317 211 320 211 327 208 332 207 339 206 347 206 357 206 
229 220 232 220 235 221 241 223 250 225 258 226 267 226 275 226 283 225 290 224 295 223 298 223 302 222 308 221 314 221 321 221 328 222 333 223 338 224 341 225 
230 219 239 221 247 223 254 225 260 227 266 229 272 231 279 234 286 238 293 242 298 246 301 248 309 254 315 258 320 263 325 267 330 272 333 276 337 280 340 284 
