233 236 243 247 250 251 250 249 249 250 249 254 256 260 267 273 274 273 273 274 
223 221 224 231 232 230 227 226 230 235 238 237 239 243 246 245 243 241 242 248 
217 217 218 219 221 222 223 223 224 226 226 226 226 227 228 228 229 229 230 231 
228 227 227 226 227 228 229 231 234 238 240 242 244 247 249 251 252 253 253 253 
221 221 221 222 221 220 221 223 225 227 228 228 228 228 228 227 227 228 230 233 
220 220 220 220 221 222 222 223 226 230 231 231 231 231 231 231 231 232 235 238 
224 225 225 225 225 224 226 229 232 235 237 238 237 235 234 233 234 236 239 242 
218 219 219 220 220 221 221 224 229 233 234 235 235 235 236 235 235 238 241 247 
223 223 223 223 224 224 225 227 230 233 233 234 234 233 233 232 233 235 239 242 
218 218 218 219 219 219 220 222 224 227 228 228 227 226 225 224 225 227 229 231 
219 220 221 221 221 221 221 224 227 230 231 232 232 233 232 231 231 234 237 240 
217 217 217 218 219 220 221 223 225 227 228 229 230 231 232 233 233 234 236 237 
217 218 218 219 219 221 222 226 230 234 235 235 235 236 236 236 238 240 244 248 
220 220 221 221 222 222 223 223 223 224 225 226 226 226 226 227 227 227 227 228 
222 223 224 225 226 228 229 230 233 235 237 238 238 239 240 242 244 246 248 251 
220 221 222 223 224 225 227 228 229 232 233 233 235 235 236 238 240 242 243 246 
222 223 224 225 226 227 228 229 230 231 232 233 233 233 233 234 235 236 237 239 
227 229 230 230 230 232 234 236 239 243 246 248 249 249 250 251 253 256 259 263 
228 227 227 226 227 228 229 231 234 238 240 242 244 247 249 251 252 253 253 253 
220 220 221 221 222 222 223 223 223 224 225 226 226 226 226 227 227 227 227 228 
217 217 218 219 221 222 223 223 224 226 226 226 226 227 228 228 229 229 230 231 
217 218 218 219 219 221 222 226 230 234 235 235 235 236 236 236 238 240 244 248 
218 219 219 220 220 221 221 224 229 233 234 235 235 235 236 235 235 238 241 247 
220 220 220 220 221 222 222 223 226 230 231 231 231 231 231 231 231 232 235 238 
223 223 223 223 224 224 225 227 230 233 233 234 234 233 233 232 233 235 239 242 
217 217 217 218 219 220 221 223 225 227 228 229 230 231 232 233 233 234 236 237 
221 221 221 222 221 220 221 223 225 227 228 228 228 228 228 227 227 228 230 233 
218 218 218 219 219 219 220 222 224 227 228 228 227 226 225 224 225 227 229 231 
224 225 225 225 225 224 226 229 232 235 237 238 237 235 234 233 234 236 239 242 
219 219 220 220 220 221 222 224 225 226 226 223 214 207 204 204 208 216 227 236 
223 224 225 225 225 226 227 228 229 231 235 232 226 220 216 214 212 211 211 211 
221 222 223 224 225 225 225 226 227 228 228 228 228 228 228 229 229 231 232 235 
219 219 219 219 220 221 223 224 226 228 229 229 230 231 232 233 234 237 239 240 
227 229 231 233 234 235 235 236 238 240 242 243 246 248 249 251 252 253 255 257 
