228 241 254 257 260 264 268 273 278 282 291 310 318 323 329 337 343 349 353 357 
228 238 246 253 257 260 265 270 276 283 292 307 317 324 331 336 343 352 363 372 
228 232 237 242 245 248 252 256 261 268 277 288 294 299 303 306 310 315 319 324 
228 232 236 244 251 259 267 275 283 291 300 306 314 322 331 342 352 362 369 376 
228 235 241 245 247 251 256 262 268 275 283 289 300 306 310 314 319 326 332 341 
228 231 234 237 240 243 247 253 264 278 291 301 307 312 317 322 327 333 341 351 
228 232 235 242 248 255 264 273 284 297 307 314 326 336 344 354 365 373 381 390 
228 232 237 242 247 252 258 268 282 297 310 319 326 332 338 345 353 363 378 391 
228 231 234 236 239 241 245 251 261 274 283 288 295 301 307 312 317 324 332 340 
228 230 232 237 239 242 247 255 263 273 280 284 295 301 306 312 319 325 331 337 
228 232 234 236 240 247 255 263 272 283 292 295 299 304 311 322 333 343 352 362 
228 229 230 235 238 242 246 250 255 262 270 278 282 286 290 294 298 303 309 314 
228 233 238 245 251 258 266 275 287 300 317 334 343 350 357 364 372 379 387 396 
228 232 236 238 241 244 247 250 254 259 264 270 271 272 273 276 279 282 285 288 
228 233 237 241 245 249 254 258 264 270 275 279 284 288 291 295 298 302 305 308 
228 235 240 244 248 251 256 260 264 269 272 274 278 283 286 289 291 292 293 293 
228 235 240 246 251 256 261 267 273 280 288 296 304 311 317 323 329 335 341 347 
228 235 241 249 257 265 274 284 295 307 319 330 340 349 359 368 378 388 398 409 
228 232 236 244 251 259 267 275 283 291 300 306 314 322 331 342 352 362 369 376 
228 232 236 238 241 244 247 250 254 259 264 270 271 272 273 276 279 282 285 288 
228 232 237 242 245 248 252 256 261 268 277 288 294 299 303 306 310 315 319 324 
228 233 238 245 251 258 266 275 287 300 317 334 343 350 357 364 372 379 387 396 
228 232 237 242 247 252 258 268 282 297 310 319 326 332 338 345 353 363 378 391 
228 231 234 237 240 243 247 253 264 278 291 301 307 312 317 322 327 333 341 351 
228 231 234 236 239 241 245 251 261 274 283 288 295 301 307 312 317 324 332 340 
228 229 230 235 238 242 246 250 255 262 270 278 282 286 290 294 298 303 309 314 
228 235 241 245 247 251 256 262 268 275 283 289 300 306 310 314 319 326 332 341 
228 230 232 237 239 242 247 255 263 273 280 284 295 301 306 312 319 325 331 337 
228 232 235 242 248 255 264 273 284 297 307 314 326 336 344 354 365 373 381 390 
228 235 240 244 249 255 263 269 274 279 286 297 312 324 336 348 361 376 390 401 
228 236 244 254 261 266 271 277 283 289 301 329 342 351 358 364 371 376 379 382 
228 237 243 248 251 255 259 265 272 280 290 304 308 310 313 320 326 333 341 350 
228 231 232 237 243 250 257 264 271 278 283 285 290 296 301 308 314 319 322 325 
228 235 240 244 248 252 256 260 265 269 271 273 277 280 282 284 286 287 288 289 
